image: DEU3.pgm
resolution: 0.050000
origin: [-7.121539, -20.282233, 0.000000]
negate: 0
occupied_thresh: 0.65
free_thresh: 0.196

