image: DEU4.pgm
resolution: 0.050000
origin: [-17.664458, -17.934128, 0.000000]
negate: 0
occupied_thresh: 0.65
free_thresh: 0.196

