image: try1.pgm
resolution: 0.050000
origin: [-1.779607, -2.480000, 0.000000]
negate: 0
occupied_thresh: 0.65
free_thresh: 0.196

